INDV	N_DATA	N_GENOTYPES_FILTERED	N_MISS	F_MISS
8324843038_R02C01	730382	0	12982	0.0177743
5434289001_R06C02	730382	0	10720	0.0146773
5434289093_R01C01	730382	0	4357	0.00596537
8543229098_R06C01	730382	0	9623	0.0131753
8543229003_R06C01	730382	0	9685	0.0132602
5434289081_R04C02	730382	0	2648	0.0036255
5434289051_R04C01	730382	0	2404	0.00329143
5434289058_R03C02	730382	0	1571	0.00215093
5443804058_R03C01	730382	0	3057	0.00418548
5434289105_R06C01	730382	0	3791	0.00519043
8543229075_R06C02	730382	0	31981	0.0437867
8324843130_R02C01	730382	0	13501	0.0184848
8327817141_R02C02	730382	0	12609	0.0172636
5434289003_R05C01	730382	0	3987	0.00545879
8327817122_R03C01	730382	0	10650	0.0145814
5434289041_R02C01	730382	0	3375	0.00462087
5434289075_R05C02	730382	0	8054	0.0110271
5434289058_R02C01	730382	0	2075	0.00284098
5434289051_R05C02	730382	0	1973	0.00270133
5443804058_R02C02	730382	0	2862	0.0039185
8324843038_R03C02	730382	0	8481	0.0116117
5434289081_R05C01	730382	0	1981	0.00271228
5434289041_R03C02	730382	0	3331	0.00456063
5443804115_R01C01	730382	0	2307	0.00315862
5434289075_R04C01	730382	0	1900	0.00260138
8327817141_R03C01	730382	0	11518	0.0157698
8324843130_R03C02	730382	0	10310	0.0141159
8546260098_R01C02	730382	0	3188	0.00436484
8327817122_R02C02	730382	0	8623	0.0118062
5434289003_R04C02	730382	0	3858	0.00528217
5443804116_R01C02	730382	0	8497	0.0116336
5434289104_R04C02	730382	0	2321	0.00317779
8327817147_R04C02	730382	0	12835	0.017573
8543229215_R01C02	730382	0	12441	0.0170336
5443804068_R01C01	730382	0	5652	0.00773842
8327817131_R04C01	730382	0	7177	0.00982636
8324843039_R01C01	730382	0	12740	0.0174429
5434289071_R01C02	730382	0	3035	0.00415536
5434289104_R05C01	730382	0	1214	0.00166214
5434289099_R06C01	730382	0	4609	0.0063104
8327817131_R05C02	730382	0	8443	0.0115597
5434289074_R06C02	730382	0	4464	0.00611187
8327817147_R05C01	730382	0	16943	0.0231975
8327817131_R01C01	730382	0	14549	0.0199197
5443804068_R04C01	730382	0	3070	0.00420328
5434289099_R02C02	730382	0	10956	0.0150004
8543229215_R04C02	730382	0	7114	0.00974011
8327817147_R01C02	730382	0	20782	0.0284536
5434289074_R02C01	730382	0	3818	0.0052274
5434289071_R05C01	730382	0	1874	0.00256578
8324843039_R05C02	730382	0	8365	0.0114529
5443804116_R04C02	730382	0	5541	0.00758644
5434289104_R01C02	730382	0	2581	0.00353377
8543229215_R05C01	730382	0	7436	0.010181
5434289074_R03C02	730382	0	3183	0.00435799
5434289099_R03C01	730382	0	2970	0.00406637
5443804068_R05C02	730382	0	3634	0.00497548
5443804116_R05C01	730382	0	8074	0.0110545
8324843039_R04C01	730382	0	9767	0.0133725
5434289071_R04C02	730382	0	3219	0.00440728
5443804115_R05C02	730382	0	2194	0.00300391
8327817122_R06C01	730382	0	14356	0.0196555
8546260098_R05C01	730382	0	2955	0.00404583
5434289105_R03C01	730382	0	2074	0.00283961
5443804058_R06C01	730382	0	3591	0.00491661
8543229075_R03C02	730382	0	12650	0.0173197
5434289051_R01C01	730382	0	1205	0.00164982
5434289058_R06C02	730382	0	5814	0.00796022
8543229098_R03C01	730382	0	16317	0.0223404
5434289081_R01C02	730382	0	2721	0.00372545
8543229003_R03C01	730382	0	10081	0.0138024
5434289001_R03C02	730382	0	2330	0.00319011
5434289093_R04C01	730382	0	1515	0.00207426
8546260098_R04C02	730382	0	1710	0.00234124
5434289003_R01C02	730382	0	3503	0.00479612
8327817141_R06C01	730382	0	9641	0.0131999
8324843130_R06C02	730382	0	10524	0.0144089
5434289075_R01C01	730382	0	1985	0.00271776
5434289041_R06C02	730382	0	4811	0.00658696
5443804115_R04C01	730382	0	2499	0.0034215
8543229003_R02C02	730382	0	7740	0.0105972
8543229098_R02C02	730382	0	11146	0.0152605
5434289093_R05C02	730382	0	1266	0.00173334
5434289001_R02C01	730382	0	3385	0.00463456
8324843038_R06C02	730382	0	14604	0.019995
8543229075_R02C01	730382	0	15271	0.0209082
5434289105_R02C02	730382	0	1856	0.00254114
8324843038_R05C02	730382	0	8349	0.011431
5434289093_R06C02	730382	0	2620	0.00358716
5434289001_R01C01	730382	0	3006	0.00411565
8543229003_R01C02	730382	0	10638	0.014565
5434289081_R03C01	730382	0	2908	0.00398148
8543229098_R01C02	730382	0	16102	0.022046
5434289058_R04C01	730382	0	1825	0.00249869
5434289051_R03C02	730382	0	1160	0.00158821
8543229075_R01C01	730382	0	30071	0.0411716
5434289105_R01C02	730382	0	1722	0.00235767
5443804058_R04C02	730382	0	2647	0.00362413
8324843130_R05C02	730382	0	9245	0.0126578
8327817141_R05C01	730382	0	8327	0.0114009
8327817122_R04C02	730382	0	8254	0.0113009
5434289003_R02C02	730382	0	3729	0.00510555
5434289041_R05C02	730382	0	3875	0.00530544
5434289075_R02C01	730382	0	1015	0.00138968
5434289051_R02C01	730382	0	2430	0.00332703
5434289058_R05C02	730382	0	1484	0.00203181
5443804058_R05C01	730382	0	2498	0.00342013
8324843038_R04C01	730382	0	9353	0.0128056
5434289081_R02C02	730382	0	3160	0.0043265
5443804115_R06C02	730382	0	3133	0.00428954
5434289041_R04C01	730382	0	2252	0.00308332
5434289075_R03C02	730382	0	1827	0.00250143
8327817141_R04C02	730382	0	8885	0.0121649
8324843130_R04C01	730382	0	9120	0.0124866
8546260098_R06C01	730382	0	1585	0.0021701
5434289003_R03C01	730382	0	3398	0.00465236
8327817122_R05C01	730382	0	11296	0.0154659
5443804116_R06C01	730382	0	339561	0.464909
5434289104_R03C01	730382	0	1427	0.00195377
8543229215_R06C01	730382	0	15506	0.02123
8327817147_R03C01	730382	0	35969	0.0492468
5443804068_R06C02	730382	0	4805	0.00657875
8327817131_R03C02	730382	0	13166	0.0180262
8324843039_R06C02	730382	0	4512	0.00617759
5434289071_R06C01	730382	0	2207	0.00302171
5434289104_R02C02	730382	0	2601	0.00356115
5434289099_R01C02	730382	0	6609	0.00904869
8327817131_R02C01	730382	0	9092	0.0124483
5434289074_R01C01	730382	0	3007	0.00411702
8327817147_R02C02	730382	0	25674	0.0351515
8327817131_R06C02	730382	0	4718	0.00645963
5443804068_R03C02	730382	0	4099	0.00561213
5434289099_R05C01	730382	0	1264	0.0017306
8327817147_R06C01	730382	0	11232	0.0153783
8543229215_R03C01	730382	0	6586	0.0090172
5434289074_R05C02	730382	0	794	0.0010871
5434289071_R02C02	730382	0	3512	0.00480844
8324843039_R02C01	730382	0	7845	0.010741
5443804116_R03C01	730382	0	4833	0.00661709
5434289104_R06C01	730382	0	2925	0.00400475
8543229215_R02C02	730382	0	6658	0.00911578
5434289074_R04C01	730382	0	1561	0.00213724
5434289099_R04C02	730382	0	12905	0.0176688
5443804068_R02C01	730382	0	4759	0.00651577
5443804116_R02C02	730382	0	18887	0.0258591
8324843039_R03C02	730382	0	7723	0.0105739
5434289071_R03C01	730382	0	2066	0.00282866
5443804115_R02C01	730382	0	2575	0.00352555
8327817122_R01C02	730382	0	10394	0.0142309
8546260098_R02C02	730382	0	3146	0.00430734
8543229075_R04C01	730382	0	8982	0.0122977
5443804058_R01C02	730382	0	3285	0.00449765
5434289105_R04C02	730382	0	2003	0.0027424
5434289058_R01C01	730382	0	2053	0.00281086
5434289051_R06C02	730382	0	2186	0.00299295
5434289081_R06C01	730382	0	2748	0.00376241
8543229003_R04C02	730382	0	8833	0.0120937
8543229098_R04C02	730382	0	14845	0.020325
5434289093_R03C02	730382	0	2814	0.00385278
5434289001_R04C01	730382	0	5121	0.0070114
8546260098_R03C01	730382	0	3104	0.00424983
5434289003_R06C01	730382	0	4250	0.00581887
8327817141_R01C02	730382	0	10676	0.014617
8324843130_R01C01	730382	0	12004	0.0164352
5434289075_R06C02	730382	0	22091	0.0302458
5443804115_R03C02	730382	0	3968	0.00543277
5434289041_R01C01	730382	0	3671	0.00502614
8543229098_R05C01	730382	0	10488	0.0143596
8543229003_R05C01	730382	0	7449	0.0101988
5434289001_R05C02	730382	0	2370	0.00324488
5434289093_R02C01	730382	0	3052	0.00417864
8324843038_R01C01	730382	0	10035	0.0137394
5434289105_R05C01	730382	0	1822	0.00249459
8543229075_R05C02	730382	0	13370	0.0183055
5443804115_R05C01	730382	0	2405	0.0032928
8327817122_R06C02	730382	0	23167	0.031719
8546260098_R05C02	730382	0	2850	0.00390207
5434289051_R01C02	730382	0	1060	0.0014513
5434289058_R06C01	730382	0	3105	0.0042512
5443804058_R06C02	730382	0	2684	0.00367479
5434289105_R03C02	730382	0	1949	0.00266847
8543229075_R03C01	730382	0	13696	0.0187518
5434289001_R03C01	730382	0	2626	0.00359538
5434289093_R04C02	730382	0	2457	0.00336399
8543229098_R03C02	730382	0	11851	0.0162258
5434289081_R01C01	730382	0	109175	0.149477
8543229003_R03C02	730382	0	10427	0.0142761
8327817141_R06C02	730382	0	5004	0.00685121
8324843130_R06C01	730382	0	7995	0.0109463
8546260098_R04C01	730382	0	1490	0.00204003
5434289003_R01C01	730382	0	6458	0.00884195
5434289041_R06C01	730382	0	4625	0.0063323
5443804115_R04C02	730382	0	2740	0.00375146
5434289075_R01C02	730382	0	2119	0.00290122
5434289093_R05C01	730382	0	929	0.00127194
5434289001_R02C02	730382	0	2100	0.00287521
8324843038_R06C01	730382	0	14512	0.0198691
8543229003_R02C01	730382	0	9725	0.013315
8543229098_R02C01	730382	0	8863	0.0121347
8543229075_R02C02	730382	0	9553	0.0130795
5434289105_R02C01	730382	0	3541	0.00484815
5443804068_R04C02	730382	0	2544	0.00348311
5434289099_R02C01	730382	0	1507	0.0020633
8327817131_R01C02	730382	0	15565	0.0213108
5434289074_R02C02	730382	0	3551	0.00486184
8327817147_R01C01	730382	0	17076	0.0233795
8543229215_R04C01	730382	0	8873	0.0121484
5434289071_R05C02	730382	0	2004	0.00274377
8324843039_R05C01	730382	0	13855	0.0189695
5443804116_R04C01	730382	0	4778	0.00654178
5434289104_R01C01	730382	0	2238	0.00306415
5434289074_R03C01	730382	0	3312	0.00453461
8543229215_R05C02	730382	0	10615	0.0145335
5434289099_R03C02	730382	0	17979	0.0246159
5443804068_R05C01	730382	0	3093	0.00423477
5443804116_R05C02	730382	0	6674	0.00913768
8324843039_R04C02	730382	0	13616	0.0186423
5434289071_R04C01	730382	0	1809	0.00247679
5443804116_R01C01	730382	0	10399	0.0142378
5434289104_R04C01	730382	0	1512	0.00207015
8543229215_R01C01	730382	0	10589	0.0144979
8327817147_R04C01	730382	0	12797	0.017521
8327817131_R04C02	730382	0	7476	0.0102357
5443804068_R01C02	730382	0	3344	0.00457843
8324843039_R01C02	730382	0	14314	0.019598
5434289071_R01C01	730382	0	2047	0.00280264
5434289104_R05C02	730382	0	1072	0.00146773
8327817131_R05C01	730382	0	8013	0.010971
5434289099_R06C02	730382	0	48544	0.0664639
8327817147_R05C02	730382	0	20202	0.0276595
5434289074_R06C01	730382	0	4207	0.00576
8543229098_R06C02	730382	0	13158	0.0180152
8543229003_R06C02	730382	0	12580	0.0172239
5434289081_R04C01	730382	0	813	0.00111312
8324843038_R02C02	730382	0	9195	0.0125893
5434289001_R06C01	730382	0	7348	0.0100605
5434289093_R01C02	730382	0	3647	0.00499328
5434289105_R06C02	730382	0	2998	0.0041047
5443804058_R03C02	730382	0	1781	0.00243845
8543229075_R06C01	730382	0	10792	0.0147758
5434289051_R04C02	730382	0	2130	0.00291628
5434289058_R03C01	730382	0	2951	0.00404035
5434289003_R05C02	730382	0	3536	0.0048413
8327817122_R03C02	730382	0	6534	0.008946
8324843130_R02C02	730382	0	16482	0.0225663
8327817141_R02C01	730382	0	9921	0.0135833
5434289075_R05C01	730382	0	1968	0.00269448
5434289041_R02C02	730382	0	3402	0.00465784
5443804058_R02C01	730382	0	2078	0.00284509
5434289058_R02C02	730382	0	2985	0.0040869
5434289051_R05C01	730382	0	2036	0.00278758
5434289081_R05C02	730382	0	1281	0.00175388
8324843038_R03C01	730382	0	8226	0.0112626
5434289075_R04C02	730382	0	2385	0.00326541
5434289041_R03C01	730382	0	3514	0.00481118
5443804115_R01C02	730382	0	3718	0.00509049
8546260098_R01C01	730382	0	15852	0.0217037
8327817122_R02C01	730382	0	7641	0.0104616
5434289003_R04C01	730382	0	8899	0.012184
8327817141_R03C02	730382	0	7687	0.0105246
8324843130_R03C01	730382	0	6753	0.00924585
5443804115_R02C02	730382	0	4594	0.00628986
8327817122_R01C01	730382	0	18557	0.0254073
8546260098_R02C01	730382	0	1877	0.00256989
5434289058_R01C02	730382	0	3216	0.00440318
5434289051_R06C01	730382	0	1367	0.00187162
8543229075_R04C02	730382	0	11967	0.0163846
5434289105_R04C01	730382	0	3178	0.00435115
5443804058_R01C01	730382	0	3628	0.00496726
5434289093_R03C01	730382	0	2540	0.00347763
5434289001_R04C02	730382	0	3600	0.00492893
5434289081_R06C02	730382	0	7873	0.0107793
8543229003_R04C01	730382	0	9092	0.0124483
8543229098_R04C01	730382	0	12357	0.0169185
8327817141_R01C01	730382	0	8935	0.0122333
8324843130_R01C02	730382	0	21992	0.0301103
8546260098_R03C02	730382	0	3327	0.00455515
5434289003_R06C02	730382	0	4831	0.00661435
5443804115_R03C01	730382	0	4165	0.0057025
5434289041_R01C02	730382	0	3382	0.00463045
5434289075_R06C01	730382	0	24353	0.0333428
5434289001_R05C01	730382	0	35151	0.0481269
5434289093_R02C02	730382	0	3238	0.0044333
8324843038_R01C02	730382	0	7127	0.00975791
8543229098_R05C02	730382	0	9710	0.0132944
8543229003_R05C02	730382	0	12246	0.0167666
5434289105_R05C02	730382	0	2766	0.00378706
8543229075_R05C01	730382	0	18366	0.0251457
5443804068_R03C01	730382	0	3225	0.0044155
5434289099_R05C02	730382	0	25897	0.0354568
8327817131_R06C01	730382	0	6321	0.00865438
5434289074_R05C01	730382	0	1071	0.00146636
8543229215_R03C02	730382	0	8598	0.0117719
8327817147_R06C02	730382	0	12591	0.0172389
5434289071_R02C01	730382	0	2950	0.00403898
8324843039_R02C02	730382	0	13665	0.0187094
5443804116_R03C02	730382	0	3680	0.00503846
5434289104_R06C02	730382	0	2916	0.00399243
5434289074_R04C02	730382	0	1638	0.00224266
8543229215_R02C01	730382	0	11134	0.0152441
5443804068_R02C02	730382	0	4102	0.00561624
5443804116_R02C01	730382	0	3731	0.00510829
8324843039_R03C01	730382	0	8532	0.0116816
5434289071_R03C02	730382	0	3179	0.00435252
5434289104_R03C02	730382	0	2455	0.00336125
8327817147_R03C02	730382	0	15099	0.0206727
8543229215_R06C02	730382	0	8580	0.0117473
8327817131_R03C01	730382	0	10312	0.0141186
5443804068_R06C01	730382	0	4496	0.00615568
8324843039_R06C01	730382	0	8523	0.0116692
5434289071_R06C02	730382	0	3759	0.00514662
5434289104_R02C01	730382	0	1506	0.00206193
8327817131_R02C02	730382	0	7378	0.0101016
5434289099_R01C01	730382	0	2581	0.00353377
8327817147_R02C01	730382	0	17267	0.0236411
5434289074_R01C02	730382	0	3868	0.00529586
8543229003_R01C01	730382	0	10286	0.014083
5434289081_R03C02	730382	0	3060	0.00418959
8543229098_R01C01	730382	0	48065	0.065808
8324843038_R05C01	730382	0	12566	0.0172047
5434289093_R06C01	730382	0	1748	0.00239327
5434289001_R01C02	730382	0	3457	0.00473314
8543229075_R01C02	730382	0	41751	0.0571632
5443804058_R04C01	730382	0	1758	0.00240696
5434289105_R01C01	730382	0	3091	0.00423203
5434289058_R04C02	730382	0	1547	0.00211807
5434289051_R03C01	730382	0	1383	0.00189353
8327817122_R04C01	730382	0	9049	0.0123894
5434289003_R02C01	730382	0	2802	0.00383635
8324843130_R05C01	730382	0	9881	0.0135285
8327817141_R05C02	730382	0	7898	0.0108135
5434289075_R02C02	730382	0	2434	0.0033325
5434289041_R05C01	730382	0	2061	0.00282181
5443804058_R05C02	730382	0	1638	0.00224266
5434289051_R02C02	730382	0	1054	0.00144308
5434289058_R05C01	730382	0	1975	0.00270406
5434289081_R02C01	730382	0	1773	0.0024275
8324843038_R04C02	730382	0	9076	0.0124264
5434289075_R03C01	730382	0	2135	0.00292313
5443804115_R06C01	730382	0	3327	0.00455515
5434289041_R04C02	730382	0	2752	0.00376789
8546260098_R06C02	730382	0	2854	0.00390754
5434289003_R03C02	730382	0	3702	0.00506858
8327817122_R05C02	730382	0	15668	0.0214518
8327817141_R04C01	730382	0	7795	0.0106725
8324843130_R04C02	730382	0	6743	0.00923216
